-0.38470604706986056 -0.1776330038003693
-0.3326959969014547 -0.30423575580567463
0.09875574737940242 -0.2845240504256362
-0.04470881039722866 -0.2376272902123298
-0.035023111364824104 0.024620409368181342
-0.3608713411998696 -0.1796080973449358
-0.32717873013348825 0.18813879187109628
0.14592307037040603 -0.2805804002400273
-0.1760631089768396 -0.34636532167663947
0.05119528504026382 -0.34632685255360923
0.14505580251756733 -0.056215550365772325
-0.2260031023313508 0.09914984465467029
-0.23001151474778453 -0.12394947231541287
0.10985672395201108 -0.37284925875195246
-0.4424179823035372 -0.24787514661649931
-0.2774174104933108 0.001049672936996852
-0.3328761055503051 -0.16881916724425994
0.27511102269747073 -0.44046300750154943
-0.3720374307433577 0.2068039112945438
0.4190100088530336 -0.1975242054855564
-0.17014815956610482 0.29466175784994475
0.309414732080529 -0.3024917387968794
0.3473345243943973 -0.31053108247477473
-0.07336242480210171 -0.09336108329478442
0.23440291191546067 0.46243689757023815
0.28363404092668515 -0.13812569453979767
-0.19277372471361123 0.5012183691784274
0.4752679685031679 0.12982130498598438
0.08035320375499767 -0.015450497460247107
-0.13106397259259817 0.50275884348985
0.9239670679909431 0.5168237058514111
0.6370519098500603 -0.22282775049966633
0.7078226114884569 0.34700160863416246
0.5341565300920615 -0.25051901484905686
1.0688879185553162 0.3593078469079701
1.4071163167675678 -0.01640465599331578
1.439606600279956 0.2501864308069868
0.7702499652185313 -0.18542579314995442
1.4414887319717191 -0.09780996339738969
1.011690006320324 0.21615305560515227
0.7742117565766319 0.33729277656650547
0.8907185598330474 -0.10698938314523956
1.4340873071908753 0.09532440678891874
0.5852926579426825 0.2062139962318354
0.9717652892940102 0.007245499878018839
1.420170505125452 -0.33959986673700815
0.4968825226920387 0.12200771459588809
0.6626081027271999 -0.40029756758681784
0.7122020458592637 0.45364856621116345
1.1885080294770545 -0.3659015693870001
0.9171335832681149 0.23013630150127712
1.3959593148960707 -0.03762736346583746
0.5429473570611016 -0.26995320364535186
1.389351344675106 0.30988961556249495
0.5380716673798799 0.13054725623921412
0.7361181657880613 -0.24405119122091004
0.7587365401386595 0.009829473561826188
1.0805308028726692 0.4096812510024939
0.9918610580312681 -0.048495887565992254
0.8829571276069714 -0.07963019981553345
-0.4036877309115898 -0.8683720072700907
-0.6297278065300351 -1.2562428734061775
-0.6493967999426349 -0.9588612680491093
-1.2496356182480892 -0.5143129071104537
-0.9891272817176036 -0.49346940194861083
-1.012208803037877 -1.1831318160121975
-0.4684466207686265 -0.8778353328658963
-0.9273373508315155 -0.41472813815917864
-0.5847111506752243 -0.4256224940060094
-1.0020203364012485 -0.3420206136453061
-0.486223962412917 -0.7536663005940432
-0.7078608178552329 -0.47076715988393375
-0.6664343125535933 -0.5804845998136463
-1.2327553521375827 -0.5308142000360379
-0.7506283658341271 -0.44191796761369023
-1.1409184414716185 -1.1048261843213554
-0.45196964351069285 -0.6455064883411061
-0.8125372154722523 -1.1222348735622172
-1.0150287675880374 -1.067792090664216
-1.165477778409353 -1.0472451189536103
-0.3413450574559883 -0.6879665388084644
-0.9851164412605163 -0.9508697264773247
-0.9679333859307294 -0.36388483559836127
-1.1725084729327702 -1.0921710760202394
-0.8806776860989932 -0.8218858124501813
-0.9114566165111959 -0.3739918747112179
-1.0569291877425462 -1.2506402346378405
-0.5458803523208744 -1.0447774695405057
-1.0802732288434376 -0.3478415350249164
-1.182526952237608 -0.6689089509401189
1.2240844096746306 -1.1800830799736686
1.3453934184635865 -0.8832288123023222
1.5081476730053673 -1.12176918574536
0.5928421071116705 -1.268846732570717
1.164628067966558 -1.2793795365734741
1.1421948568850697 -1.2166177791789246
0.538302364413283 -0.7970035706240445
1.05030778690484 -0.6232610712952904
0.7931105360010122 -1.0964756200252859
0.8850701468374846 -1.4547054636676302
0.6953079124649373 -0.579665257049044
0.8746621462255647 -1.2312716443809828
0.9913584001462346 -1.2240743734893074
1.1478639509662683 -0.9994519661810728
0.5903134269351766 -0.8405517879516463
1.0060135930747445 -1.3504812933886292
0.639557661540648 -1.3766375910335615
0.8966225078386585 -0.7248899883036318
1.0630579901579733 -1.4915494844886483
1.047553872161087 -1.4734595933456807
1.262763815417891 -0.9870581429333726
0.7560474796691431 -1.209117079969242
0.7650804886715521 -1.1480278933823076
1.0705469956979832 -0.8538442728982922
1.3691357659498753 -1.2691185687715203
1.1880638870799836 -0.7351938994135913
1.2311619607096027 -1.0885916734741108
0.9217688782231538 -0.5401867269968088
1.3024832171337226 -1.3778977721666346
0.9757380850802249 -0.8516519280344577
